0.8875013514974592
0.911589994938867
0.9350596748933412
0.9419782451826709
0.9489075078035157
0.9415761611089888
0.932792487428111
0.9113799960787609
0.8927933799982997
0.8642353403950437
0.8342837591240877
0.7975518953068592
0.7671291416198968
0.7279201884439517
0.6903591576830698
0.654348246074021
0.618336220852623
0.5754357221547415
0.5376744719268579
0.5057702668216746
0.46893781866864154
0.4347862625357163
0.4077067721927535
0.3845663795252472
0.3588448660714285
0.33512263605582626
0.3119873126982391
0.2898047722342734
0.268957246841621
0.26000000000000006
0.25353239136230343
0.25755195209438836
0.25761603568918634
0.25392990396966186
0.23411950171555754
0.20903937858021177
0.17807695699462064
0.15751259929956435
0.13890046392754954
0.13543730156576483
0.13511320295382617
0.13994856408058293
0.1383063518676305
0.14414043184440417
0.1428492515052754
0.14611167736425995
0.1473946674978041
0.15355343845816902
0.1515715693790384
0.15701422703408502
0.15659846270434122
0.15782841823056296
0.1597312880765883
0.1652141763059208
0.16386532343584298
0.17398502167914856
0.1753461809268
0.1825830334722617
0.1890652834538405
0.19311102032478808
0.19891163513863694
0.21047398077560497
0.21460449369036633
0.22756631181231018
0.2311486245995831
0.23852112317178822
0.24316202312433155
0.24657946173507744
0.2528805954930152
0.25908965793358857
0.2618256007254043
0.2682920755092893
0.264432540176903
0.2639339427897376
0.255020327707281
0.24965930108050227
0.24440145822483444
0.23732055039491334
0.23002360504243882
0.223286366143509
0.20969519854392568
0.1981986566252799
0.18118156353450468
0.1683095557864328
0.14889630390143732
0.13516870737952186
0.11740327936369016
0.10520043611653437
0.08864748533217182
0.07867904428549684
0.06342337728843937
0.055874069603701476
0.04377223301460755
0.04176732833553336
0.03588163070986494
0.039653839439359545
0.03952410770194113
0.047214723926380375
0.05052855692818061
0.061139152810768
0.06619732324991291
0.07778129643614042
0.08329080082634584
0.09404618402703914
0.10097129083836479
0.11352324975114941
0.1199866230322719
0.13208700764256315
0.13914883611568302
0.15021685751657984
0.15627725012373025
0.16429121276446848
0.16703265897304115
0.17378824298149398
0.1752405538605961
0.1799212598425197
0.17950850841334728
0.18145397465032914
0.17923795627309314
0.18174429944735984
0.17893424889474177
0.1777092367987755
0.1736545098404999
0.1715001624054568
0.1661447134710666
0.16526693974690493
0.15955693885023792
0.15763134057971004
0.15222381309515687
0.14940995614233388
0.14294198264047503
0.13990669867294708
0.13257986391419666
0.13085592306103236
0.12451361867704276
0.12390572390572388
0.11896216013324885
0.11769749495979423
0.11120491534168189
0.10936182175991006
0.10388535483718403
0.104681009940729
0.10079171741778319
0.10318710334923796
0.10070712747026318
0.10242682128495278
0.10011728829462818
0.10399649268540309
0.10269892973476036
0.10885711633088849
0.11251454213062988
0.1207022850256386
0.1261905901498109
0.1380389924576632
0.1471145316358579
0.16183017116194917
0.17497427552705255
0.19409422694094233
0.21285350712365914
0.2397832308919439
0.2690945160833214
0.30510945472501116
0.34443782043638976
0.38872990391103057
0.4382739212007506
0.49284244120163734
0.5491230938091123
0.6102151161441532
0.6729346197077558
0.7277677799331573
0.7819327328478346
0.8266457605777684
0.8700762695501062
0.8999262062891287
0.9275275227152541
0.9389750101828114
0.9491107078039926
0.9464661942156675
0.9444566357008753
0.9310220383023771
0.9173391016916197
0.8936268435503074
0.8706945367703179
0.8397357174436312
0.8088847299859637
0.7722325457924077
0.7397674981835796
0.7017522975096425
0.6688874083944036
0.6341983647351579
0.5976823972553441
0.5642460750367594
0.5294951582286085
0.4934823977164604
0.45872661334870424
0.4248454588682834
0.3938941590022632
0.3639026967317437
0.33559802531893046
0.30724447042775005
0.2762724049879763
0.251189912532084
0.22204489030754415
0.20268134781057243
0.17924283340257574
0.16105663501591153
0.14217359817918473
0.12756322189996439
0.1095575853446956
0.09704756697648988
0.08165592464055525
0.07420234323189151
0.060447870420061466
0.05710825865827078
0.04767574660413579
0.047557049521825615
0.04413570585827455
0.04779037564797502
0.04936486128184733
0.06128327612280657
0.06824108600814019
0.08728469131023803
0.10145381023443896
0.12407569566063437
0.1487527022759843
0.17926749350743917
0.2112112606494629
0.2497396779271098
0.288498976688464
0.33932145592922996
0.3881897386253632
0.44507542591249105
0.5000496450379784
0.5571244868687868
0.6172665777909445
0.6673214670723234
0.7235730801995863
0.7744887744887745
0.8184059358544759
0.8566910504333551
0.8923235816880434
0.9128119800332779
0.9327105071584567
0.9381081665505394
0.938866111933238
0.9289600233156845
0.9208708855799373
0.8968983272153925
0.8734057157119681
0.848881053817149
0.8172258387581373
0.7783035401331929
0.7545394770117849
0.7156593059936907
0.6725305518798161
0.6416500230450145
0.6072434191831778
0.5574219650218932
0.5231005093025672
0.4999485119967047
0.46163193546719067
0.42777763552095877
0.41039782529144225
0.38428885725378537
0.34786550616516415
0.3320630081300812
0.3229237089812263
0.3032276403855596
0.27022825608207895
0.2553273033880116
0.24606705863658038
0.2336598639455782
0.2204448024858301
0.23868423411311282
0.26418196766237334
0.2655829797406324
0.2284516557090296
0.18916626272418807
0.16234038726695046
0.14964662794357492
0.1368520159503766
0.13917875050819892
0.14607455716141152
0.15044886181468417
0.14078182778658216
0.14274277479785444
0.1433788973332975
0.1428496167320812
0.14136972999217756
0.151886766970098
0.15182425558824336
0.15638021197460775
0.16291859828961383
0.17022060908523787
0.17063310012616117
0.1820898921180723
0.18566145092460873
0.19158957106812444
0.19796910755148742
0.20753484938818387
0.20889976958525341
0.2174572295016307
0.21934111424136152
0.22238565326846382
0.22362231661772677
0.22875397578260143
0.2270723970468518
0.23160808656991866
0.2340287200361828
0.23687847251600538
0.23815254140163894
0.2425387982491048
0.237622071007602
0.23645194274028644
0.23162893868729395
0.22792086391159982
0.2196993202267792
0.21553780440450446
0.2039967848332825
0.1968984962406015
0.18576899594827104
0.17710547381787056
0.16180356749614613
0.15307793058284216
0.13879483579706553
0.12739733598629302
0.11037270864484686
0.09845280650530733
0.08157571699587095
0.07454454287146917
0.06186033361605879
0.057358826144953315
0.04819585430350593
0.04843930310450617
0.04384653712007972
0.04750020568795766
0.04807137954701442
0.057353745215965
0.06067859826871154
0.07023309765797611
0.07471778249692633
0.08631473605203903
0.09240840638345696
0.1055874644510121
0.1121767906220203
0.12207006636982272
0.12690055186394866
0.13767894371091036
0.14236160473117054
0.15049719349232127
0.15343141472368008
0.16159788633295996
0.1628117781221673
0.16912837877284134
0.1712139068945197
0.17833352810564446
0.1801579611850025
0.18651762880377
0.18719312602291324
0.19020247826463713
0.1879343572972026
0.18927582689785807
0.18561332055582175
0.18539828285237295
0.17974660468507883
0.17907541121131312
0.17227427597955702
0.17016281939386643
0.16192713736498446
0.15850609756097564
0.1510627688088263
0.14862101022621632
0.14018126888217525
0.13897434271034861
0.13118216676415162
0.13002094041500098
0.12263332154681925
0.12140595313489556
0.11457369780868236
0.11464748020610786
0.10905878573723095
0.11031628921537179
0.10407707976332888
0.10524137052604758
0.10103073044643711
0.1040725391829994
0.10224198513635371
0.1085378606138894
0.10799290625680595
0.11633199052861404
0.11994101775741987
0.1296138959690362
0.1346055817509877
0.14873000940733777
0.1597185133988879
0.17916471140309712
0.19642010056607948
0.2224956063268893
0.24804091937440584
0.2814666360022342
0.3145519375672767
0.353635881104034
0.3961060871912538
0.4442328890670407
0.4966832227740925
0.5501125380643456
0.6041170751332687
0.6551166551166551
0.7080499441681049
0.7513046424940699
0.7939137265616996
0.8279883381924198
0.8635517882985322
0.8873048660729403
0.9124466137888957
0.9221167074930372
0.9315512353179424
0.9267577474175275
0.9239824755024916
0.9065151113467657
0.8903502885518723
0.8626768731152864
0.8372093023255813
0.8060433370883306
0.7801344537815125
0.7489106388684053
0.7191834777545637
0.6843299748976994
0.6495055060671951
0.6119858330118878
0.5790021536252693
0.5428734688046856
0.5082346886258363
0.47775621544432634
0.44536220560330375
0.4127205369915269
0.3783343815901439
0.3506075509908867
0.3200960472848171
0.2922970361999197
0.2638772154211582
0.2411440662507751
0.2158091468777484
0.1967445409294045
0.17245602315742595
0.15679684360501228
0.13462032517341355
0.12010776568245528
0.10228360957642728
0.09198156682027654
0.07579369584137438
0.07071161048689141
0.059343772732493597
0.05708967979640673
0.0509368817162587
0.05362095531587057
0.051459113607990034
0.06097371286358689
0.06243076436144963
0.07671200658539458
0.08471090722138737
0.1051044172107052
0.12155928033215442
0.1487004363498388
0.17398877491774725
0.20864856561311873
0.23792583426781638
0.2743218669495378
0.3120867292019068
0.3547159761062283
0.39573635830236653
0.44402637703646236
0.4961077378172194
0.551619314860283
0.6121016538926987
0.6649987991353775
0.7175286878430069
0.7625842416174391
0.8046548554237005
0.8389402859545837
0.8752505651042777