0.0008090614886731394
0.0006472491909385153
0.002265372168284788
0.0014563106796116549
0.003155339805825236
0.0006472491909385153
0.004045307443365697
0.0003236245954692545
0.040533980582524276
0.0030744336569579274
0.125
0.004773462783171522
0.5822815533980583
0.008576051779935279
0.17071197411003242
0.002265372168284788
0.01351132686084143
0.0017799352750809093
0.015453074433656963
0.001132686084142394
0.006391585760517794
0.0009708737864077635
0.0019417475728155332
0.
0.0027508090614886726
0.0008090614886731394
0.0030744336569579274
0.0009708737864077699
0.000647249190938509