0.10119970619440133
0.0800974121551101
0.0596357705898342
0.05426648721399732
0.051077260875531764
0.06271853146853149
0.07471216302863036
0.09798650200229632
0.12088129649008682
0.15328344404271418
0.18338846012495402
0.21973706200211696
0.2545602743191209
0.2942305582976857
0.33103181617322136
0.3706299405101458
0.4086287365262806
0.4488476981464166
0.4833741103202846
0.5160296948034094
0.5499431361127293
0.5810525739020849
0.6105153736732685
0.6367261167088745
0.661591355599214
0.6787725454990614
0.6951016509755764
0.7141777957641979
0.7418869370108903
0.7670214793237689
0.7928974535443909
0.805331814606894
0.8186218211648894
0.8301475339220332
0.8477646488843432
0.8600749221759089
0.8747893850042124
0.8775762355415352
0.8819113536536671
0.87876141325923
0.8814505623055859
0.8787387770281039
0.8824410435161484
0.8810252797572278
0.8832771242905323
0.8771857923497268
0.8772174106769891
0.8724610169491525
0.8719202455654251
0.8677166617643126
0.8691837063274835
0.8651186296414513
0.8666702335411038
0.8618881577222557
0.8610754939160016
0.8550021922471824
0.8527129778099622
0.8451386950232217
0.8426737471643638
0.8338237532342347
0.8301728092980579
0.8196011943924288
0.8130535184104347
0.8045141065830722
0.7998841805775863
0.7928864022379859
0.7889774835765508
0.7808476461139257
0.779180912925204
0.7723521151050777
0.7699283419817149
0.7647361584274895
0.7652888091081221
0.765840220385675
0.7704706483893744
0.7725053840631729
0.7772667542706964
0.7798319327731092
0.7866113918461463
0.7925357020169799
0.8061209143773812
0.8172550783299604
0.8323488185822988
0.8428873151944342
0.856539444065053
0.8660425277625615
0.8814434294101273
0.8911041417761849
0.9071721516454936
0.916200978565929
0.9294362419472088
0.935021972053523
0.944955496991696
0.9453998174237003
0.9504613768786416
0.9466427306953898
0.9472994760177347
0.9392577594508508
0.9360751005811355
0.9260427010923535
0.9203883495145632
0.9090000487543269
0.903118714711513
0.8922538354909195
0.8861270852145812
0.8730364334330328
0.8647194101330047
0.8515385873501718
0.8438624363347506
0.832987054498961
0.8259431306306307
0.8181902724820979
0.8150305111487505
0.8083851721665934
0.8065235572902147
0.8016920086886932
0.8017658385384868
0.8008593659273022
0.8038862226384175
0.8031297674633626
0.8067904708309885
0.8080018555027252
0.8122569460713115
0.8140257434531736
0.8205352086086465
0.8221318295275954
0.8283791879810131
0.8308247493319325
0.8366074714758925
0.8389120380969826
0.8455635158007004
0.8488123433511923
0.8558260017269143
0.8576313769279085
0.8649053196797263
0.8652377259160028
0.8707923847505105
0.8732103459606628
0.8804725834881616
0.8822968787228973
0.8882004050535249
0.8889655664755016
0.8934699714013346
0.8916660766126178
0.8942477243482819
0.8928605448656888
0.8948374760994263
0.8910477531385663
0.8913649683334908
0.8844821491693179
0.8803812741312742
0.871188969367375
0.8638671875000001
0.8510061263530039
0.8402893167823282
0.8248681855560392
0.8102819640252794
0.7892756349952962
0.7682630658636098
0.7404835143708546
0.7101645692158761
0.6751337542777269
0.6368074200634609
0.5927621227292232
0.5436701229804678
0.4884884410195613
0.4304205573997565
0.3702515975382584
0.30902374920086173
0.255810128069557
0.20356860962950551
0.16182543240756028
0.12235468735037817
0.09555340858213347
0.07087399387420754
0.06273898881178305
0.055111725848377174
0.06076397076161283
0.06652566814074215
0.08321414950419528
0.10002650666281117
0.12701088527116847
0.15223013859066953
0.18513460788138902
0.2179458930101604
0.25598310089056386
0.29142843415173203
0.32934851807314147
0.3627159444916456
0.3979913444350364
0.4331772034522933
0.4675385773428681
0.5025252525252525
0.5394507102071634
0.5760916351810225
0.6084060307225487
0.640703938704657
0.6700179533213646
0.6991464630498748
0.725040003879164
0.752900432900433
0.7761194029850746
0.8023923201950428
0.8218799570178582
0.8433819881452854
0.8611139869551713
0.8827689063745533
0.895893051926638
0.9142295215958725
0.9242697078831532
0.9380276808041793
0.9455778992581023
0.9565523605984069
0.9585042335276199
0.9649241964827168
0.9617998206785899
0.9632819040784596
0.9564163509283883
0.9532263814616755
0.9398999523582658
0.9292254032844064
0.9094800634890096
0.8935270231074156
0.8680308637496069
0.8435370827126426
0.8103132553653831
0.7759008174656097
0.7357435063334812
0.6939380127620784
0.6418623461314864
0.5883136511514715
0.5301595405232928
0.475113703522882
0.418611160589328
0.359913358855531
0.3094438407586683
0.25481223576224815
0.20547176258114896
0.1607068043472903
0.12669761045212305
0.09431657137272148
0.0758704061895551
0.06121151353598592
0.059989300651687595
0.06116305252337364
0.07505454545454543
0.08888508724766606
0.11365136807100766
0.13615405478708978
0.16673514271213477
0.1985389969746908
0.23337500306395087
0.26290370517138906
0.30123102783408323
0.3372537039865588
0.37547738693467353
0.41628420011664174
0.45621031242062493
0.4922921470580615
0.5262861962327805
0.5570879843262613
0.5853238814403863
0.6133395765048646
0.6399959020592153
0.6630328080599329
0.6803303684879289
0.7006608552546993
0.7174374856031327
0.7355570659277461
0.7467699586658694
0.7662608603797502
0.7884952740030896
0.813509113714606
0.8263839060299238
0.8372412699251898
0.8429193100193992
0.8569494944133337
0.8662142510906446
0.8746056565989082
0.8724270776004402
0.8726928537624231
0.8701968771215208
0.8727794627383015
0.8706747749422419
0.8756536897152819
0.8760928393005829
0.880166377086295
0.8769307686235296
0.8782780011181811
0.8731563421828908
0.8719466857599206
0.8661161161161159
0.8651551650843134
0.8575332431823304
0.8558856819468025
0.8489042354710254
0.8461646254309017
0.8377129895994689
0.8340741574298094
0.8257957391720373
0.8228705317598652
0.8169408966044577
0.8149579254679719
0.8090814107813515
0.8089810804650103
0.8026400786406404
0.8002608744966824
0.7960617259570626
0.7938141391106043
0.7876988636363635
0.7872963047968786
0.7839101431096414
0.786
0.7857933422255015
0.7901718505894049
0.7899101204886328
0.7958233424413093
0.7983367983367983
0.8048166392993981
0.8105434782608696
0.8209953766657601
0.8280154372995598
0.8421883935622669
0.8519825223220345
0.8658093297350884
0.8755581279973541
0.8918500069185002
0.9007162262286984
0.9156889648027331
0.9230641132389674
0.9356240126382307
0.9402568397543273
0.9485906652972727
0.947340185227016
0.9498537400752194
0.9457595320862993
0.9448590381426201
0.9362249129208824
0.9327399729607931
0.9221977531848466
0.9169934824930169
0.9051663723264093
0.8992868619105336
0.8853383983687606
0.8775159271579185
0.8657338325966384
0.8585689572048438
0.8458942632170979
0.8395495521442354
0.8296581023669836
0.8264378532719538
0.8190206441440125
0.8181601596235742
0.812196935891715
0.8110664104719588
0.8036509349955476
0.8011891601183184
0.794276379124245
0.7937729371374451
0.7909581449613533
0.7943660308273784
0.7929119280613595
0.7963976425306711
0.7972548667802996
0.8048437404440095
0.8076176613294517
0.81645042990539
0.8200079130778829
0.8296310008638774
0.8339178048480375
0.8413215886649321
0.8427616233867206
0.8497354834597488
0.8521164777237941
0.8593861759542233
0.8613113081191401
0.8694396677589954
0.8715396678081094
0.8781166122303787
0.8781672364763394
0.8840072024881322
0.8822739187418086
0.8890026758283507
0.8875113592106971
0.8904695550730743
0.8874735278313367
0.8883384867798322
0.8815707523667166
0.881443947881916
0.8727731406503051
0.8695610808067993
0.8601779438305416
0.8541366848955834
0.8395836618829837
0.8284049895523333
0.8085744976620751
0.7909099613801028
0.7640648676532223
0.7367375322869064
0.7028463250190972
0.6689915623298857
0.6282996114163206
0.5862950216376462
0.5372605880766117
0.4840398581320721
0.4298204475412032
0.3746904996099447
0.3226323166255089
0.2697510359234272
0.22818309425177166
0.1867984298602025
0.15616065350578628
0.12229470850160501
0.10129508140997318
0.07959538162869118
0.07407282762334258
0.06946132037262052
0.07849783981389166
0.08499150084991502
0.10662358642972541
0.12564411430101058
0.15613739297166854
0.18459592597523633
0.21782243452479008
0.24495927360128192
0.2791339630171611
0.3101415893232166
0.34546443998503445
0.3806032385850301
0.4183694745621349
0.4527725480444743
0.48713605082054
0.5219205922915006
0.5515748457625286
0.5827615308406416
0.6142255464381672
0.647019916219593
0.6735805497438857
0.7046574939298066
0.7323126043102823
0.761554088369731
0.7832845316849222
0.8072416302765648
0.8262977030204376
0.8494162849120733
0.8632003488118596
0.8854295934009782
0.897836407784583
0.9166666666666666
0.9258633357825129
0.9402860818890486
0.9451751089733954
0.9535568212224302
0.9545075125208681
0.957939581719597
0.954833965477204
0.9542619542619541
0.944437941394514
0.9410900135059983
0.9257378984651713
0.9163390907286082
0.8933045522877077
0.8752086325350309
0.8455412183635179
0.8193333333333335
0.7818998567168803
0.749366595205613
0.7110474006116208
0.6711572608662086
0.626384653981242
0.5827698671545621
0.5341522572568657
0.4815019762845849
0.4271638026170581
0.3701025931012198
0.3168068586218052
0.2632216053762991
0.21985815602836875
0.17571157495256165
0.14509622657366153
0.11094160522078146