0.01082589898740052
0.013400772070821434
0.00874327326163676
0.011963866250482378
0.007470118565693306
0.009955431480814802
0.00699729791328774
0.007678398795208773
0.006014192060623102
0.006796978147461833
0.004884368548614661
0.005058890934758323
0.004419981700981301
0.004051703147215157
0.0037335712264656845
0.004575147717654507
0.004422683724038222
0.004446794537379395
0.004416047033388101
0.0049993968610444785
0.00464856911339993
0.004600656179130514
0.00430122138379363
0.004873833691848774
0.004668886496355988
0.0048839194497475105
0.00364256826208419
0.004051148332566687
0.004278365383658195
0.008703303254480144
0.009827826073483068
0.01664504232524618
0.014811503455176709
0.021588202676371755
0.017562881217923054
0.020576304753216094
0.013064495217371342
0.01202704200816557
0.00730517820101707
0.008858545947866909
0.005815173246421359
0.009584914909987929
0.006012116396158545
0.010271196025719156
0.00726144357990299
0.010057460203348755
0.007339619760027855
0.01161596865047283
0.0072684973884884
0.010560197728751799
0.007099386918397645
0.010089617089593075
0.0073136229661079286
0.010478993398043989
0.006545945269462779
0.010412346890520088
0.005702122932220947
0.009006125344048568
0.005547806638957077
0.007693080513339456
0.00453030337577888
0.007079356964020244
0.0040034591863564
0.0051773532633886815
0.0037016984487527327
0.004127171156285293
0.002961738351411256
0.003334461312431168
0.002303628911981003
0.002858210062976943
0.0013162003663144198
0.0016237329851199848
0.000652011760189964
0.00057292719186159
0.00015118612910592147
0.00028566424016876826
0.0009831292752979816
0.0015159794544093233
0.0020095986294240108
0.002466904405936318
0.0025274433291474704
0.0031564664265150873
0.002207413277739826
0.0038309109518196126
0.002408118394433209
0.004534435872625645
0.002730895492570797
0.004487645394872165
0.003300111314925202
0.00443850818416518
0.002769522072329403
0.00396857754108703
0.0022990595479210653
0.0030849531799380624
0.001613096554475408
0.001882945890108019
0.0012933473680923138
0.0012701860013093792
0.0010505372333535976
0.0012155062945220507
0.000968219896457418
0.0008848397307987185
0.0005519120920796476
0.0002273219958960626
0.0001519584053358107
0.00017649264891144573
0.00006310380612692054
0.0001119889726248248
0.00007733012885547189
0.
0.0003861682921010093
0.0005194289659492743
0.00048451760790031717
0.0006901091677796907
0.0007819731201083348
0.0010281137134560657
0.0012846890383015445
0.002756794060987451
0.0018471177761664702
0.003521650531586998
0.0024925400241753333
0.0049565326329024766
0.002968860386964662
0.005078279974240207
0.0032205459378129124
0.0059353230726964384
0.003045139217978981
0.006316643760987537
0.0029357190732872754
0.0066325858957365265
0.0031216479813007195
0.0061943197311204595
0.003104465670564518
0.006085775796644512
0.0032862277042072334
0.005941533638717297
0.0030270901461876797
0.005960032545808697
0.002944785457678841
0.005182919679049325
0.0026549152502175627
0.004380327819727841
0.0019711529249855538
0.0038197600358147697
0.001630277568253572
0.003221142883738263
0.000745474131885613
0.0012215480275347655
0.00042735310262085463
0.0012909260551874253
0.00026598669480576084
0.0015400479503286206
0.0010701962141827087
0.0028412746296594786
0.0024401269782116618
0.0056346594122566665
0.003524786900185095
0.007320897776096812
0.005038142530186598
0.008282638593076205
0.0067686813178255804
0.010209294931083527
0.008254466293654696
0.01117258028349533
0.008908651243138378
0.011639423311412694
0.009128853849385384
0.011443931696849163
0.00910492042438998
0.011396153564307603
0.009211084704507325
0.011877575777549183
0.009263653985345881
0.012358711909110889
0.009322184452130889
0.01356156954569913
0.011389310687985505
0.015562295520136504
0.013021149943194265
0.01687920274998388
0.014527535349636526
0.0183739822812346
0.016244936996717706
0.020099504759419486
0.017917474986835453
0.0210515421109085
0.018848507807119604
0.023090104603066517
0.0203518618034632
0.02377536951718814
0.02190216722925475
0.02612202492223453
0.023758326813566242
0.02772725310526612
0.024941384477115917
0.028289979323119923
0.025998551879663007
0.030784855225767332
0.028230504521099497
0.03248208169400421
0.029743402151362553
0.0332996034963043
0.03178704610738764
0.03577361923452911
0.03365721041518545
0.0369562407432561
0.03531291938885492
0.04009730118051878
0.03975794923465735
0.04641169926860719
0.04263379698551417
0.04358628043942053
0.03696395221274376
0.0371462589826585
0.033863968796303975
0.03555749960178825
0.032669025239483965
0.03456551294590943
0.031150256714386284
0.03386754548401416
0.030607572014828065
0.033913892832284076
0.030650002541537127
0.031918443828632334
0.030007382656756277
0.03208277139541865
0.028287809430393347
0.03127374882396841
0.027090493955628462
0.029841639278280502
0.026292268658730977
0.027817832543525833
0.024371956707709422
0.024718563907100203
0.02044194295741605
0.022636408839520398
0.017217090913870668
0.019227296816956608
0.015439193466177763
0.015388799257682686
0.011223591847917162
0.012546786035682798
0.008366988316318043
0.010331151361783409
0.006641646179608211
0.007539453645769658
0.0062544324959825925
0.007492291558314681
0.003627678375644601
0.004813114495029278
0.0030282606886016354
0.0031281550616610206
0.002482694497196087
0.0029633561857903383
0.0023644878753776508
0.002673863565123353
0.0021953737127695973
0.0022780004325282724
0.0014896360135370629
0.0022820003133430834
0.0011364417080762385
0.0014438178778747417
0.001349110684684511
0.0023705121974167236
0.0006286580231429674
0.0012318693970517665
0.001270756483153123
0.0022499663872167022
0.0010760659019571454
0.0008439599740096559
0.0021734657868120316
0.005407506299617594
0.007176133525485195
0.012929272030196
0.016499386431051314
0.023907586113553172
0.014589127866461483
0.009719414864139162
0.007213880669224015
0.00533254735358657
0.003471550448714014
0.00310868573195483
0.0030756002618833704
0.003841478731950839
0.0030711804825832648
0.003135107768711516
0.0034340191444671014
0.004018256523707995
0.003092089476054754
0.004219122609575455
0.004706318402089481
0.004789791705625348
0.005258042326068711
0.0061051285558215256
0.005193385004278104
0.006189873213070206
0.005326075047695569
0.005599770541110671
0.005062692139769703
0.00563953975061807
0.0047430042384387985
0.004976435781589343
0.004232290478735367
0.004075577533368728
0.003779806661664664
0.003824610274266848
0.0031206880282258834
0.003307639025806903
0.0029370881071196057
0.003260054149253691
0.0030183135687623965
0.003338094158414566
0.002579816296112609
0.003190450540387236
0.0025594588334955995
0.002629503797677183
0.0022911938327852266
0.0028315049387743867
0.0020623181776222264
0.0031674324447743263
0.002807664715223923
0.0035240682659426516
0.0027433166757495075
0.0037364404095924925
0.0030505330017449456
0.0045512853738190265
0.003837540778766274
0.005538824005863131
0.0043631970407490665
0.006666225885869934
0.004616719492456435
0.005723501571784865
0.003976320628760636
0.005094278781851008
0.003658162906612087
0.0036507803158906463
0.002615429489599516
0.0030700994946726533
0.002287173427780762
0.0030481485106946433
0.0025057749043961054
0.003274025236710082
0.0027504515388507428
0.0036531498243499785
0.0028143211939470024
0.004195357319104923
0.003781476148524334
0.00453969438488239
0.00445552295064942
0.005602183151119364
0.004847888022953335
0.005920529605710687
0.005464966969038788
0.006697792046071294
0.005934725245891774
0.006822904543558335
0.006395575519977149
0.0058056735283415414
0.005566616432939719
0.005947211586602125
0.0058833186702510545
0.006165471414305346
0.00649238965440934
0.00715789413456272
0.007451124143399466
0.007836206294396724
0.007790321521263677
0.008189982212460967
0.008069097421904824
0.008657309761007159
0.008277266104756365
0.0080446360318621
0.007579720446743491
0.0080867245587312
0.007444283715622935
0.007568702225045906
0.007090083977940958
0.007329284410335268
0.00686027251640306
0.007311075324752746
0.007027913633748585
0.008091621147947283
0.006822127553717229
0.007869255865889022
0.00681551411808257
0.007079008021229929
0.005757378524451573
0.0065737225909947156
0.005411344339434708
0.006458065450735691
0.005900236670327116
0.0070761699259817325
0.00651181037524623
0.006795419514329319
0.006175245254427461
0.006584404328885109
0.007006297843268592
0.008397977573518806
0.00937065242161295
0.011873737094526871
0.012061089041160804
0.015726022488210267
0.01395794126874365
0.018332035223686528
0.01610099671156399
0.0205013095144926
0.0183590373401514
0.02344328060976626
0.019522509391023884
0.023282163869926136
0.020525787699437355
0.02485358983879429
0.021355814133814193
0.02593783577376083
0.020662563994842512
0.025578387253204864
0.020357688682626166
0.025468271963697078
0.019808692596078852
0.024413773464704944
0.020303857351796604
0.025767382365046273
0.021044715274861635
0.026071965075040473
0.022273627271847996
0.026941467529229778
0.023171854404481895
0.028800528008979937
0.02525286792345897
0.029970836163693965
0.02632070623680308
0.031636085153696106
0.028078495419098914
0.03330626481915941
0.029441214683851375
0.033980796914927905
0.03054920004066548
0.03582276663414348
0.03175389281097314
0.0365123271127922
0.031812021622769096
0.03563039892347522
0.03224280602976348
0.037141265232151735
0.0330859497500063
0.03850558249323685
0.03436215142050193
0.03941495535125325
0.035483797888808635
0.040925420890720404
0.036797144435417053
0.04196847333714265
0.03770030395440384
0.04193784559423645
0.03644857738873869
0.04165671028747338
0.03670499732860749
0.042129278627618894
0.03790000872975456
0.041130879225566686
0.03772883046456886
0.04190336966218455
0.03696242079705955
0.04082570234387718
0.035357998908374697
0.03885691992677802
0.03411385221439131
0.036880242990501355
0.03183750212069586
0.035113882056387616
0.030172951987370435
0.033058543984861063
0.02855661991950031
0.030791174906196882
0.0259259324702699
0.03033077198814096
0.02708368293888506
0.030536339437559974
0.026572444916861174
0.027880768007417445
0.023658234932582515